=== Het  Avg Partition Times (hot runs only) ===
2.197773
1.840192
1.409920
2.517165
2.524858
12.030938
6.412166
3.336122
3.867667
3.045542
2.132051
0.676966
0.645651
0.600128
1.317120
2.961843
1.471552
0.425344
0.546989
2.354944

=== Het  – Avg Thread Exec Times (hot runs only) ===
2.145555
3.232090
11.050963
4.837568
4.882272
11.255232
14.316403
6.256870
3.615622
6.741190
4.044883
0.621440
1.390662
1.127405
2.048845
4.929133
1.851290
0.036166
0.384768
4.335475

=== Het  – Avg Warp Exec Times (hot runs only) ===
13.374541
11.218912
8.435264
29.315667
31.183034
3.352051
1.878714
32.076838
12.528314
10.107853
28.542643
16.425683
16.207668
24.137825
28.262406
31.123590
28.451827
23.682739
29.484544
27.390950

=== Bad-Het – Avg Thread Exec Times (hot runs only) ===
1.811238
3.106406
11.151974
8.112403
8.375930
10.472608
14.363917
9.517786
3.361005
6.757280
6.012115
0.574624
1.389376
1.647386
3.457491
8.167910
3.677210
0.186483
0.779520
4.356653

=== Bad-Het – Avg Warp Exec Times (hot runs only) ===
29.430150
24.677088
18.665517
36.257683
37.432020
98.883449
52.529237
44.769396
43.489300
33.960653
35.408646
25.442388
24.339770
25.030054
30.456723
41.270848
31.083059
22.443904
30.827110
27.538663

=== Query Avg – het ===
17.777000
16.339000
20.952000
36.719000
38.640000
26.767000
22.697000
41.742000
20.085000
19.978000
34.794000
17.793000
18.311000
25.936000
31.700000
39.086000
31.839000
24.226000
30.480000
34.132000

=== Query Avg – bad het ===
31.305000
27.822000
29.856000
44.409000
45.848000
109.480000
66.980000
54.352000
46.917000
40.797000
41.481000
26.071000
25.790000
26.733000
33.971000
49.515000
34.817000
22.684000
31.659000
34.302000

=== Query Avg – cudf ===
50.041000
48.510000
37.087000
44.613000
45.048000
60.547000
39.830000
56.195000
272.010000
62.441000
44.546000
28.674000
29.325000
27.316000
35.017000
49.535000
35.137000
22.406000
31.533000
45.901000

=== Query Avg – thread ===
314.500000
267.900000
204.980000
19.091000
18.653000
61.011000
40.108000
29.030000
274.060000
218.580000
158.550000
375.550000
366.410000
340.340000
85.358000
21.584000
60.679000
50.204000
172.650000
30.526000

=== Query Avg – warp ===
50.317000
48.815000
37.293000
44.881000
45.174000
169.510000
107.380000
56.482000
67.324000
62.763000
44.561000
28.676000
29.323000
27.287000
35.011000
49.541000
35.123000
22.390000
31.519000
45.891000